504184
457658
384951
789509
772404
301607
659661
678741
538970
549131
813445
247888
172700
805873
324569
390233
897913
145605
435551
125905
451652
471858
125877
662810
643931
894462
606743
445593
789019
677682
532646
637688
471144
852996
233865
983274
506257
712273
489495
741019
467260
640176
325349
579616
985864
621754
476895
678677
893037
398621
695038
832208
354219
775664
398625
825740
715667
109052
782474
388648
393256
609891
494133
148606
692381
537539
472967
545924
694184
498998
975584
531250
273267
969089
396363
357396
374450
990853
959522
505394
592774
734775
807083
447738
482935
949996
284323
113118
914204
936121
187561
585762
136445
588312
948978
560206
496831
861231
590637
493753
946819
122472
815461
374655
445855
502173
342298
246374
943118
359712
842426
373536
383904
933440
502924
283725
861531
942540
832804
262916
161884
262576
973004
704159
344144
150017
952369
357294
187473
812439
767224
106162
321121
364760
824448
504515
251051
209816
615194
388926
821957
389262
151395
402509
515758
391542
906661
139752
288097
945326
645035
682512
605591
425172
845683
596584
626621
672032
293132
634041
651155
869025
391245
382497
860557
469904
822602
136552
393556
212668
863650
883281
201517
919296
802495
216152
817555
902107
154561
350373
528872
178485
524644
329844
801404
375448
201218
814756
786082
561616
358443
138777
289636
468798
320276
719029
350291
540847
539810
270175
622464
242764
307296
284766
223942
174248
405556
310268
922284
169781
529835
368175
485357
491034
251242
600242
931484
226533
260545
284753
889396
569862
679517
268306
336046
379963
761212
521417
541565
776286
866378
752391
561816
457844
955144
780133
902582
103978
826011
249082
612988
538055
531517
450961
244016
437986
542422
857082
478641
531362
231463
724973
555083
850405
107852
568323
427443
718478
429948
973406
665987
726415
795445
580843
210847
136206
934871
712655
521727
869474
543811
957785
972851
385176
586604
228105
618532
701209
301025
605623
304656
684354
153506
807722
663014
554633
773814
336665
434962
891888
582355
695931
992565
804054
482677
562713
750965
629335
490463
658664
513414
458312
416966
827189
626029
165667
410066
423994
577568
974585
751565
316407
185533
139317
274986
758806
808397
817493
548383
939396
930975
890776
871126
793503
355957
709443
918225
375915
943424
495652
137088
880825
363091
285751
299244
343743
479355
642935
641023
938281
692666
905878
827024
889265
609017
164144
635442
318139
380663
490261
835253
938125
931194
929037
690345
856046
520126
278342
921839
737158
936724
176213
927541
709598
748428
179563
537237
943813
554247
729217
361495
417676
972036
466604
145952
852486
445345
689596
671212
184632
374244
848611
707066
907845
120144
881024
914703
106363
292127
375843
219705
657508
269332
920205
808648
643522
270693
827376
133284
711692
692396
509283
976798
573502
525322
834448
513856
747051
554687
305478
317803
772886
239954
738303
594864
111972
689574
492374
696406
158507
520919
508715
983360
943634
362958
111375
270117
578383
213331
396056
973493
168462
217634
258713
464821
843672
939222
755704
681124
171027
829645
820023
513704
130077
552922
301406
268443
612077
527916
384842
256153
329598
711939
342517
540234
309356
860688
742775
102275
524055
406156
467992
810526
140064
201135
315155
305441
117496
937325
342864
415597
868735
656855
579023
590982
920574
598907
185903
568176
745142
637152
566128
560428
801605
926592
658625
247983
724337
500728
199673
458709
869130
580806
562048
954768
940368
966845
530653
413963
119797
638564
569013
845495
104746
347203
344265
992906
975429
570291
489013
120725
951492
272103
583328
189615
113994
973716
387740
672982
709564
923716
237671
234354
947544
279255
235526
507234
317044
465016
109644
513564
813314
950034
337583
868447
754015
297002
998073
420868
722505
833062
382267
262354
489525
646687
307834
443153
220793
838133
493664
212874
115166
852626
558266
516063
531535
868653
194985
411177
304903
537361
538176
565205
153404
971391
113947
650736
981223
474793
203388
184015
736406
958533
130852
694302
600704
792785
732014
530953
441886
837033
986861
945167
578944
152934
110935
730718
954283
546007
789681
919885
359813
942321
693176
496845
626046
798282
422833
124696
990508
164503
386167
334713
690872
866813
159737
514113
311333
365183
784560
471752
409642
736817
280527
949766
938255
308990
288461
841105
670451
688046
344493
266102
237617
752441
259467
733893
597712
617683
660665
868925
845266
884301
216991
985111
596930
668213
943702
461692
510085
776775
608757
331127
549237
584266
821687
961147
637909
927547
751802
868736
207937
570376
800503
383442
468592
652913
811818
494537
333487
295690
561877
398185
252344
786466
524107
374948
184877
327272
677852
718367
513101
184912
307395
367702
622278
670472
497816
523103
257107
353172
693277
244610
560238
123596
435878
191101
619297
341812
952397
267395
166767
160082
405437
146548
230866
169360
605479
244586
612482
357180
795318
960446
107847
611791
755048
284078
322253
983192
693521
746477
880091
379394
956871
199085
141997
246068
576320
253171
292061
696220
420002
646242
117809
470447
585777
173307
237716
982125
391367
599747
557817
930602
896731
586670
630927
362347
862371
962237
155126
991847
443767
273058
542347
307965
812202
740231
178530
926688
117318
428856
707952
452428
931039
130694
111316
814752
242900
328722
586937
520779
325643
873877
206181
109028
109342
252554
901779
613812
773121
577707
714042
463838
572591
105422
318088
201118
678378
511518
643481
504951
360611
215362
196421
595788
211593
269941
687704
851328
928168
775162
999457
545741
171628
941382
707906
464481
284939
351908
881548
237518
930398
920308
683108
393954
776734
912691
550188
984278
827028
229333
877961
120679
929880
358750
241618
754898
244689
663518
616831
937988
204261
321788
101019
538411
258980
177179
473051
965121
625491
350268
180868
793870
354761
404771
462534
804311
216739
812679
881920
854340
425231
436791
629901
964923
725384
637921
239299
252549
912031
651850
485110
527871
491050
646571
125496
978148
814329
790560
660559
795464
282408
778599
570040
555215
632359
203041
196740
723741
762764
987420
480708
385870
806819
623331
398390
194118
158119
713581
839630
699238
441700
946170
411221
287139
382918
897638
916219
195498
674759
102659
138109
367077
701339
718110
155640
436520
393430
574270
484050
692170
148299
368400
803989
670930
874840
371329
146470
660080
752499
744149
416539
336739
733419
728259
487230
147559
954689
523479
972640
860940
445250
540729
545310
417080
833899
541369
870170
329570
352069
972669
756570
975209
730669
760500
354410
646919
157889
415510
446479
971039
860709
735140
221440
350090
103270
161109
754210
529280
239040
155949
344860
272909
120960
436730
864859
248050
261359
762439
165279
717870
562959
764679
432300
522380
510630
196889
829690
680459
616970
318730
384289
425080
672829
380659
720180
101560
597079
982729
175075
986869
317390
789369
694249
797469
717470
996539
717280
292349
197169
602890
406780
604680
302400
195789
692679
101300
301100
393919
909050
